0 0
199 199
00001000000000000001001000100001000000000100000000001100000001000000000110000000000000000000010000010000000100000000100010000010001001110000000000010110000000000010101000100000010010001001110000100100
01000000000000000010000000000110111101011001000111000000000001000001000100001000101011000000110001000000000001000011110010010000000001000000000000001001100101001100110010011000000000000011000001000110
00000000010000000010011000110000110000000000000000000110000000000000000000100000000000001000010000001100010000001100000110000100011000100001000001000000000000010010000001110010001101000001000100011000
01000010001100010000001110000100000110001010010001100110000000101000000000000001101000000100000000101001000000000001000000000010110001001010000000100000100100010000101100101000001001010010000010000000
11000010010000010110000000101010100100000001001000000000000000000000100010000000001000010000000000000100110001001001010011000000001000000110000000000100100000000001000000001000000100000000000101001000
00100000110001000000000000001000100000000000000000000000100000000000000000010000101000000000000011001000000001100000100001010000010010000000001001000011101100000000000000000000010010010100100000100000
00011011000100010001000001001000100000000001001010000001000101001000100000010000000000010000011100000011010000000011100000000001000000000001000000011010000100000010000010110000000000001000000100110010
01000000101001000100010000000000000101001000000101000000000010100000100100000001000001100010000010000001000100100001000000000000001000101000000000000100100001011110000000110000000010100000100100000110
01101001000100000001100010000000110011010011000100101110010000001010000010000110000000000000000000000000000000000000000111000000100000000000000100000000010000000010001000000100110000001100100000101000
10000000000000000010010000000010000010000000000010000010000100000011000000000000100000000011000010001010000000000100000100000010110111000010000100000000100001100100001000000001000100001000000010001100
00000000001000010000010010010000101000000000000010000010000100000100110000000001000001000000010000000000000001100010000010010011000001000000000010000000000001100000100011011000000000010010100000000010
00100000001000000000000001110110000100001100010010000100101010000000000000100011000110100000100000000000001000000001110000001000000000000100010000010101110010000000001000001000000000000001000000110000
00000010000011001001000001010001010011000000000010000000000000100000010001000000000010110010001011000001000100010000000000000010101000010000000000100010110010000000100010010000000100001000001010000110
00010000000000000011000000010000100001011000000000001000010010000001100010100000010100000000001001110001100000000001000000000100000000000100100011100010011010000000000000010011010000000000110100001011
00100100000010000100110000100000001000000000000000001000000100010001000101011010110000000100010010000010001000000100011000000100001000000100000010010000001000011000000000000011100110000001111001110100
00000001001000000001000000100011000001000001000001000000010010001001001000000100000000010000000111000000000000000001010000001000000010101000000000100001000000100000010000000110001000110000000000000000
00100011010110001001000001001000001001000000100000010010000000001010001001011000000101100011100110000100000001000110000001000000100000011000000000100000110000000000000010010000100100000001001000001000
00000001000000000010100100010000000001000010001001000000001100010000101100000000101001000001010000000000100000000000000001010010100000001011000000110101100100000001000000001000010110001100100010000000
00000000100000100010000000000000000000100110000100001000010000000001000001010000000100011100010100010000001010001001001000011001000000010001100000000100010110100000000010100101001001000000000100000000
01111000000010001010000000001101000011000010000001000100000000011000010001010001000010010100000010100100110000000000010100000001000000000100000010000001000000010000000000000000000000000010001000000010
10000000100000010001100000010000010100001000000000000001011110001000100000010000000000000001000110010010000000000010001000010000000011000000001010101000000100010000000001000001000001000010000000000000
00000010001010000101100000000110100010000001011100001000000000000000001010000110000100000110100000000101001010110000000000000010010000001011000000000000010010000100110010001000000000000000001000000000
00011010100000001100000001001000000001000100100001110010000010000000010100000000100101000001100000000000010100000010001000010010101000000000000000001001001000100000100100000010001100000000100000000011
01000010000000001001001000001000000110000001010000100000111000110000000011000001000000101100001000101100001000100000000001000000100000100000000100010010100000000001100101000000000001011110000100000001
00100000010001000100000010100000010000000000000000000000101000000000000000100100001110010000010001000010010000000100000000110010000010000110000100000000001100000110000000000010000000000001000000100100
00000100000001000000010000100100011101000000001000000010100100000010100001010000000100010000111000001000001000001001000001100000010100000000000000000011100000000100000001000000010000100000010010000000
00000000000000010100100000001000001000100001000101000000100001000010001100010001000000100000000100000010000100010001000100000110100101110000000100000100000000101100000000001000110000011000000000001000
00000000010100110000000010000001000111000010000000010001000000010001111000000000000000000000100100000010000000000000100000110001010000000000001010100000010000011100000010000010100010000010100000000000
10000010000000000000000000000101000100000000000100000000000001000010000100000101001011000100000010000100000100000010010010000000000100000000100100100010101000010010100000000100001000001000101010000000
00000000000001000000000001001000110000000000000100010000000000100000001000001100000000010011011100000001000100100100000010000010011111010001101000101110000000010001000000101000000001001000010000000000
10000001000000000000000001000101010000000100100001100000010011010011010000011100110001001000000001001101000000110000010000000001000101001100000000000100001000110100000000000000010010100000000111001100
10001001100000101100110100100100000110100100110000010000001000001000100100010000100100010000100000000000110100000001000000000000100000000000001001010010001110100000000000100010000100000000000010011000
10010000100000001000000001100000000001000000001001010010010000100000100000100000001101100010000010000000010100110100111010001000000010011000100100010100001000001000000001001001000100001010000000110000
01010011000000101011000000010000000010100000000000000001000100000001010000000100000101111011000000000000000000000101000000000000100000000000010000001001001100100000100000000000110000000001000010000110
00000010000100000000100100001001100000000001011001000000001010100000010001000111011010001001101010000000010000110000010001100011000100000101000010000001000101010110100001111000000001000000101010010010
00000000111001110001000010010001000000000010100101000100110100000000110000001000000000010000110000000000010001001101000100010000000000000000000001111001001010100001000000100110000000000100000000000100
00011000000001000111000100000000001000000100000001000000100000010000000010001000101001011000100001010000000000000000001011010100000001000101000000000001000000000000000100000000001100000000101000110000
00000010010001010001110000001010001000010010000010000000100000000101000010000100101000010000101000000000001100001010000010011010000000011100101100010111000010110000100000100000000000000100010001000001
00010001010100000000100000000000000101010000000001000000000000010100110001000000000100100000000000000000100000100000010000000101000101000101000000000000000000000000101011010000110000100000000110000110
00000101000000000000000000010000001000100001000100110100000000000100001000000010110000000000100010000000001000000110000100010010001010010000000000001000000010000100000010110000100000001000000000001010
00000000001100100100000000001100000000000100000000101101001101000000000000001000010100010000000001000110000100100010001010100000000001100000000011000000000010001010001000100100000100100110001100000010
01000000100000100001000101000000100000011010000000000100100100010100000110001011000000001010001000001000001101000000000000001100010010011010101100101000001100001000000001000001100000100000001000000000
01000100101000000001000000011000100000000010001100010000100010001000000010001100100000100000000101010001000001000100000001010000000100101000100001000011010000000000010010011011000010000000000000100000
00000000000000000000010100001000100001001010000000000001010000000000000001110000001010000000010100011000000000001010000000000010110000100000101000000000000101000010100000000100000000100100000000000000
00000001000000111000100010011000100000000000110001000001010000011000100000001000000010000000000000000001000001000010100000000000000000000000110000011100001000010101100000000010001000110010000000100011
01011000010001000100000000000010000011000000100110011110010001100010001000000011000000001000000100011000111100110000000100100000100000010001001000001010000000110000010000100010010100000100010010000000
00101000000000000000010000100001000000000001001000000000010000000100000000000000010110110100000100000010000001000000000001000100101000000000100001000100100000000100010010000000001000001000001001000000
10000110010000000010110000000100000110000000110000000000000010000000010000100001000000010100100000010000000100000010110001000000000010010100000000000001001100010000000101000000000001001000000000000010
00110010000100000000011000000011010000110100100001000000000100010000010110000001010000000011000100001000100000100000010100010000001010001000000100000000100000001100000100100100110000001000010000000000
00000000000000000000000000000001011000100100010000000000001010100010001000011000011001100101000000011000001010000000000100000001010100100000000010001001100000000100001000000000000000100000000000001011
00000100000010100010000001001011111010000000001000010100000000000000000000010100000100000000000010000000000100000100100101000010000000001011000000001100010000000000010110000000001100010101000100000000
11000000000000101000100001000000100000000000001010000010100001000010011000000001000001100001110001001001000000000000010010000000000011110001000000000010111100010011001110101000001000000100000000000001
00000000000000110000000000000100000100000000000100000000000100000101000000000001001001000001000000101000000000000001010000000001010110000100010000001010001100001001000011100110010000000001100001010000
00100100001010001010000101010100000110011010000000000101010001000001000100001000000000001111100100010000000010100000001000000000000101100101000001100100000000000000000000000000100100001101000000100010
01111000000101100000010000010100010000011100000001000000000100001000010000001000100000000100101010000000111101011010001101000001000000000000000101000000110000010101000000000000000000010000000100000001
00011100000000001010000010000000010010001001000011000000000000000000010000011000110000000000100000101010000010011000011100101000000110001001000001000010010100001101100100001001011000000000001011000000
01100010000000000100100001000001011000100000000101100000100000000000000100000001011010000010001110100011000000000000011000000000110000000000010001000100000000110000000010000100010110000010000011000000
00100000000110000000110001000000001000110000000000110001100010100000001000010000000100010000010000001000100000000010001001000000101101000010000000000000000000100010000010100001100100110001001000001010
00101000000010000010010000000100000001010000010001000010010000110010100010000000010000000110001000110011000000100000101001101101001000001000000000010000000000000000000000000000000000010001000000001001
00001000010100100000101010001100000000000001100000001000000001000010010001100000010010000010000110000001000000000000010000000000000000000000101000000000001011000000011000010011000000000100001000000000
00000001010000101000000000000101000001010010110100000001010000000100000110000100110000100000010000100010001000000110000000000010000100010000100000101001001000000001010000100000001000000000100100100000
00100000111000100000010001101010011001000100100001000000101010000110001000001100000111000000110000100000000110001000001000000000000010101100010001000011010100010001110100010100011000001000000000001100
00000000111000001000100000000000000010010000000011000100000000001001010011100000000000000000001000000000000001000000001001001011000000001000000000101001000000000011001000001000100000000000001010010000
00000000001100000011100000011110000101100000011000000000000001001010011000110010000000100100000000001000010000001001000100010010000110000000011000010010110010000000000000100100110001000100000001000000
01000000000000010000000000001100100001000100110101001011000110100001001100000011001000101010000000000110001000000011000000000001001010010000001000000010000001011000101000000001100011000010010000000000
00000000110000000100100100000000000010000010010010000100001000000000100000001111000011010100000000000100010010000000000000000001000000000010110000111000000000010010100111100000001100001000000011001000
00111001001000000110000000100000010001000011000000010010001001000001000010000001000100110000001010101101000010011001001100000001101101011001010010000000000000000011000101001100100000000010000001000100
00001100000000010010001000010000000100010100010000000000010010011000000010001000000000001000000000110000000000000000010011101000000010100000010000111110000000010000100001010001000100000000110001000010
01000000000100101000100000000010010100101000100100000000110010011001000000000010000001000100000010100000100010011000000010010000000000000000001000000000000110010000101001100000000011100000000100101000
00000000100011100000001000010100101000001001001001011100000000001000000000010000100000110101100000001000000000000010000000000000000010000000000010000000000100000010010011000001001010010110010000000000
00000010000000001000001000011000000010010000010000000010000011000000001010110000101000001000011100000001000001111000000000010011001100000000000000000000000010000001000100000010000001001110000000001000
00111101001100010100001000001000101010000010100100000000000000001000000000011010000000000001110010010111001000010001100011000010100100000000000111110111100000000100100000000000000000001001100000000010
00000100001000101000000110000000000000001000000001000010010000000000010100001001011000010001000010011000100010011000100000000001101000000100000000000000100110111010100000011110000000000100100000010000
00000000000000010000100001000000010100010100000000000000000001010000000001001100000000100010000110101000000000000011110000000110000000001000001101000100010010000000000000000000011010010000000000110001
00000011000000000000000000100000001000010000101000100000100000100001000110000010110000100000010100100000000000001010000000000000001000000001000000101101100101000100000011000100000001100000000000100000
00011000000010010100101101001100010000000000010000001000011000000111000100000000101000000000000000010000001000100010110011000000000000010001110000000000100100101110000000010011001000000011100000001001
10000011000001100100000000010000010000001000000010000000000010001000000000000000000110100000011000000000010010001100000000000010000100000000100100001100000000000000000000001000000000000000100000000000
00000000100010000110010100000000100010000001001001000000000000000100110000001010000000001000000001010000010010000000000000001001001000000001000000100000110000100001010010001000010001100100000110000000
00000010001011000000010001000110011100000000110000100000100000010110000001000000000000010100001000000010000001011001000010100011000100010000000010100010000101000100100000001000100001000000110000110000
00001000100100000000010001100000010000000011000101000001000000100111001101100000100001010000100000001010011111000000000001000001001001000010010000100000000000100000000000010010000000000100001001010001
00001000000000010101100010100000001100000010000100000000000010010110100100000001000000000000000010110000001000000000100000010000000000000000000000000000000100000010010010010001100000000000100000000110
00011000000000000000010001001100000101100001100001100000001000001000000000001000110000000000010000000010000000000101000010000000001100001001101101000000001100100000011000100000001000001000001100101000
00000000010000000000000000100000000010000001000010000000000000101100000000010001000001100000010100000001100100100101000000110000101010110000100001010110000000000000000000100000000000000100010000100001
01000010100100100010001100000110100000101110011000100001100000010001000001100100010000000000001000000000000001000001000000001000000000000000011000000001000110001000101010011000111000000010101000000000
00110000011000000000001000000000100001111000000000010100010100000000000100010001000001010000000000110000010000001010000000100001000101001000000010001000100001011000000000000100001100000000000000010100
10011111000010101001010000001101100110010110010100000000000000001010000010100000000000011100000001000000001001000101110100100100101000000101100000100000001010000011000000000000000000000001010001000000
00000000000100000000000001000000100001010100001010101000001010110000000000000000000000001000000100000010000101010000000000000111000010000000010000000001101000000000000000010100000001000000000001000100
00001000100000100000000000010001111000100000001000110000010000100100000001000001011100000001010100010000000111000000010100011110010010101000101000000100110000000010000101011000000001000000000000000011
00100000000011101010000000010001000001000110010000010101100001000001000010000100000001101011100001100000000100000101000000010010000000000000010000000101000100000000001100001000100000000101000000000010
00100000011101011000100010000010000000001100110000000000010000101000000001000100000000010100110000011001000100000010000010001010000000010000000100000001000000001000001010010101100001001000001000000001
00010000000000000001000000000001010101000101000000100000100000001101001000101000010000000100000001100101000000000010001000000000000110000001100100010000000000000000010001101000000000100001000001000001
00000000010100101010000000100101000110000110000000101000010000010010110100010000101100010000100000101000000100000000000000100100000000000000110011001000101000010000010001000000100001100000000000010000
00000000001100001000000000011100100000000000011000000010100110010101000000010000111101000000010001000000000011000001000000010000010100000000000110001010101010000000100000000000001000001100010000000000
00010000100000100010100000000000100010110000000000000000000000000001100001001000000000100100010000001010001100000000000001001000001010001000000100111010010001010000000000011000000011000100101000100011
00000000000001010010000001001010000100000010001100110111100101100000100100100011000000000010000110000000000000001000000100000001000001111000000000010001000000000000100010000010011000100001000100000001
00101100010000000000100000000100000010001101100000011001000010000000011000000010000000000001010001000000000000000101000000000000010010100000000000000101010000000010001010111000001100000010000001000000
00100001000001000100000010000000100000010001100101001100000011000001000010000001010001000000001001010100100000010010001000000001000010000011000100000000010001010101100000000000010000010000000000001110
01110110100010000000100101101010001000100000000110001000101000001110010000110010100000000101000010101000001000001010001101001000000100100100010000111000000000001010000100101000000011000000000000000010
01010000000000010100001110000100000000000100010001100110000010000000000001000000000000000010010000000000000000110000000100000000000000000001000000001000010100111100001000000100000010100000000010010010
00000000000001011001010101000001000001010001000001000000001000000001010000000000000000100100110000110000000010010000000110000000001000110000000000010110100010010001001000100010010000000000000011000000
01010011000000001001000100000001010000000010100000000000000010000010100100001110100000101010100000100010000000100010011101000001001110010101001011110001010000010100010001000010001000000000000000000100
10000000000000100001000000011100000000000001110000101100000010010000000000000001101100000010100000001000110000000000000000010011110001001000001000001000000100100000010000000000010001000011001000001000
00001001010000000001010000000100000100111000000010000001101011011011100000001011000000000000101000000000001001000000000001000010000000010110001001000000001110101000101000000000110100000101010000000000
00000000010001001000100000001000000000100000000111000100001101000001010001000011101000000000001010100000001000001000000000010000110000100100000000000000011000000010000001100001000100110000001000000000
00011000000010000001010001010000010000000100000001000000011110001000000010000010000000100000000000000000000000100100000110001000100000000100110001000010100110000000101101100001000000001010000000010110
01110000100001011000000010000001100100000100010000000000100000000000100010000100000000000000001000110110000000000000010111000000001000100000100000000110101000000100010000010011001000000000001000001000
00100100000000000001001000000100000000001001000011000000010000100000100110000001000000100100100100010000101000000000010000000000000001010000100000100101010011000000000011101010000000000001111000100000
00000001000000000001000110110001001000110000001010000000001000000000000100001000000001011000110000000001100000101000000000000000000010100000000000000000000010000000000000100000010011000001000001011000
01000000001001101000000001011111000000100101000001000000100001000000010001100000001000000000000000100000100000000000100000100001101000000000100100000000000000000110000000000001010000001000000000000000
00000000000010000000000100001100100111000101010000001000000000000000000000001010000010000000010000010001100100001110000000000001001001001100000010000100010000000000000000100000000010010000001000000000
11000001010000000000100000000000000101000000001100000000000000000001101000100000000010000010000011011000000001111000000001000100010010000000000000100100110000001100000001000000000100000000001010000010
00111001110100010010000000000000100000000001100110000001010010000000000010000000000000000001000000001100000001101000010000000000011011000100100000110000000000010011100001000001010011000000010000001000
00000000000000100001001000000011001010100110001010000101000000001000010100011000000000000110000100000000100100001001110000000001000000000000100000000000000000001000000000000000100000100011101101000000
01100010000000010000000001000011010011000001000010000010010001010000010000111000010100001000000101000000100100110010000000100000011000000000001000000000000001010000000000000000100011101000000010000010
10101001010000100000000000110101001000000000000000100000010000000100000000000011000000000011011000000101100000001000000010010100101010001000011000000001000010010000011000010000001011000011001000000000
01000011000000001000000000000000000010000010100001100010000010100001000010010000000000010000000000000100100100110010001001000000000000010000100010001010000000000000100000000000110000001000000000000010
00000000011000010110010010000100001000010101100000100000000000000000100000000000010000100100000001000010100011010000010000001010110000011000010110001010000001001001100010000000010000000010010101000100
00000100000100001001000100010000000100010100000001000100010000000000100100010001000000100100000000001000001011000100000010101000000000010000000000100000010110000001011000101000100000101000000000000000
01000000000000100100000010000000000001000110001100000000000000010000001000010000100000000001000010001100000000100001110000000110000000101000011000001100000000010000101001010001000100010000000000000000
01000100011001000100101000000000000010000000010000110000010001100100000001000000000000000000000000000111000000010001110010000000010000000000000110010100101000000100000000000100000010000000100010001010
10001010000000100000100000000100100111100010010111100010100100000001000100000000000000001100100110000000000100010100011001000100011000000000010000100010000000000000000010111000110100000000000000001001
01000000001000000000000000000011001000000010000001011010000000010000001001000000010010010000000000000011000000101000000010000000101000000000000000001100000010000001000100010001001000010001000010100100
00100110000010000100100101000100000010100011010010000101010101001001000001001100000100000111010100000101010010110100000010001000011000010100000000000000000000001000000100000001000101000000001001000000
00000000000001000111000001101100000000000000010101000000100000100100000000010011000101000010000100100000100000010000000100011000000000000000100011000000010001000000000101010100000100100000000001000101
00010001001100000001000000000110000100110000001001001010000010001000110001101001000100000000101001001000000000010000001100100000101000101000000100011000000100110100100100100100000000001001000010010100
00010000001000100000011010000000000010001000001010100110101000100000010000100100000000000010000000000000011101100001000000000010000010111100010100000000000000110000000011100110000101000000000110000110
01000000101000000010010000000000000000000100000100010100100000000001000000000000000010100100001000001010000000100000010000000000010000000000000001000000000101001000000000000010000001001000000000000110
01000010001000000001101000000011000000000000010000100010010000101010000000001000010100001001000000010001001001001000000100001000000000000000100000001100000000000101010010010000000010010000011110110010
10010010100000000000010111000000100100000001000001000000011100110000000101010000001001000000100100010000010000100000000001010010010100000100000111101001000000000000100001010000010000000000110000010111
00010100010000100010000000000000010000110000010001000010000000000000010000100000000000100000100001100110110000000001000101010000110000000000000000000000000000000000100000000010010001000000100010010000
00000100001100010000000000000000000100000000100001000000000000000100000101000001100100100011000011000100000001000000110000110111000101010000000001100000000011010111001100000000100010010100100000000000
00000100011100100000000000101000000001100001100001010000010010000000100000000010000000100000000000000000010000100000000000001000010110100000001000000110010100100001101100000010001000000001000100001000
10010000000000000000000101000101001000001001000000001000101010000010001000010010010000000000000100010101000000010000000001000000011001000000001010000000000001000000110000000000000010100000100000011000
00010000001000011100000010011010000000000001010001001000100100000000010000010000000100000111011100000000001100000000001100000000000100000000010110000010000000000000101010000010000000000000000010000110
01100000000110000001010000000010100000000100100010000100000000000001011010000000001000000010100000000000000110000001001001101001001000000100011000000000101100000000010000010010000000001000000000011000
00100000000100000010000100000101000010000100001111100000000100100000010000000000100000000100000000010100001100010010001100000000001000001101001011000000001100100110011000101110000000100011010000001000
00100000000100100000000000110000000100011000001000000010010000000100000000000000000000001000100001000010000010010011000000110000001000010000100000100000000000010000000110000000110001000011000000000000
00110011000000100001001100000010000000100010001001010010100100110100000000010000000001000100100000000000000001000100000000010000000000001100000010001000000000100000101000001000000000110100000010100000
00100000000000101010111000000010001010110110000000000100000010101100100010001000010001101001001001010010000000110001110101000010001101101000011110010001110000001000000000010100000001001000100110100000
00111001000000001001000010000111100010110000001000000001001000011100000010111101100000001100000101000001000101101100000010110110001010000010000000010010100001100001001110000000100010010000000000000110
00000010010001100011000000010001000100000000001010000011100001000000010000000010110000000001010001110001101000000000101010000101100000110100000010011000011010001011010000000000000101101010100001100000
10100110000000000000000000011000100101001100001000001100001010000000000011000010001000000000000000010000100000000110000010001000100100000001000000000000001000000000001000010000000010100001000001100010
00110001001000010100000100001001001001010101001000000000000000010000110000000000010000010000001000010110000010000000000010000010000000010101000000000000100110000010001111100000110011000001000000100001
00000100000011000000001001000001011010100000000001100001010000000000000000100010000001000000010100000010000010100010110010001101010101000100000101000100000000000000000100000001100101000000000000000010
01011101000000101000000010101010001000000100000010000100000010000000100000000001011000001100000000000001000010100000010100100000001110010000100110000000000001000100001000010000110011000110111001000100
00101000011000110000000100101000000101000000000010100011000000000000010000010000000000000000100000001000101100000000000000000000001100000000010000000010000000000001000001000000000000000100011000010100
00000010100000010000100000000100000000000100000010100000000100000000100000000001000010001000000101010100000010101001011000000000000001000000000001000000010000000101010000111010000110000000011000000010
00010100001001001101000000001001000000000001100001000100000000000000100011000000000100000101000100001000010000000000000000100000000010000100000000000100000000000001100100100001100010000000000000000100
10000100000001010010100010010001011000111000100010010100000010101110100000000100010010110010111000010000000001000101000000000010000001111000000010010000000100001000000000000001000001000000000000001000
00110000000000000000001000000000010000000100010100010000010000001110001010000000100000000010000011001000010000000101000011000000001101100000100100000010001010100001000011010001010000000000000000000000
00100000100010100011000100011000000000000100000101000100000000001000000010000000000010001000000000001000100000000000000000000000100010011000000010001000000000000010001000001000110100101111000000000100
00000001100000100000010010000100000001000001000010100111011011110001000100010000000000000010010000000010000111000000001100000110000000111010000100001000010000000101001000110010000000100110001001000000
00000000100000001000111010000100000001000000000010000000000000000000000001000001000100000010000100010010010000000100010001000010010100100000110011010000010010000000100100000101001000100000000010000001
00001001000000000101000000000001000000100011001100110110000000000000000010000000000111101010000100000101010000010100000000000010100000100000000000101010000000000101001000000000010000100010000100000000
00100001010000001010100100110000010000000001110000011000000101011011011000000100000000001000100000000000010000101010010000000000001000100010000010000000100100000010011010001011000000010010000000101001
00100001011000011100000100000100010100100000000100000000110100010000000001101010000010000000011010100000000000001100100000000010110010000101000000000010101001000000011010100101000000000000000000100000
01100000010000010010000000100001000101000010000000010100000101100001110001010100000000101011100000000000010000000010010010000000001000000001000000010001000000010001010000010000011100000100010101000000
01000001011000001010110001110000110000000000000110010100001100111111001000000000100000000000101011000000000011000100001100100010000000010100001000100001000000000010000111000000100010100110100000000000
00001001101000100000100001000000001100010000010000100000000000000001001010010000011010010101000010000000000000011000100001000000000000110010000000001001010001101000010000001000010001000110010010000000
01100110001110000000000000110000001000000010001100000010000010000000111000000100000000000000100001001010000000000100001011111010001000001010101001000100001000010110100000100110010100000000000101101000
10000100000000000011010000000000000000000000000110000000001010000001100000100010000000100010000001100110111100000001000000000000010010100000101000010000011001001100011100000100000101000100100000110001
00100000000001000000000000000000000001010000000001000000000010000000000100111000100001110100000010000001101000010000010000001101000000001000000000000001011010011001000000001001100001011111000001000010
00100010000000000110000001011000110000000001011000010000001010001001000000001100000000100100000000000000000000010000000000001101000000000100000000000100010011100000010100000000100000001100001000010000
00000001000000001000000000010100001000100000001000000011000001100011010010010001000001100000000010010110101000100101110000001001110100100000010100100100000001001010001011100011000000001000000000000110
00000001010101000000101001000001100000100010101000100000000000000000000010100001010000010000010010010000011000100000010000010001000010000000100000100001010000001000000000100000001000100010000000000100
00000000000100010010010111100100100000001001011000010000000000000000000000100000100000100010000100000001010000010000000001010000100111100000100010010010000000001101011011010010000010000000000000001011
00111000100100110010010001010000000000100001001001100110010000000001001000011000110000010100001000000001011101100000000000000000000001100100000100000000000000000000000000000000100000001000100000100110
00000100000100100000100100001000010000000010110110001100010000001000000100101010010010000000000000010001001010000101101101011000101000000000001000000111100101000101001000101100000000000000000000000000
00100000000000000110100100010000010000000000001100010000010000010000000100000000001000001000000000001001100000000000000000100101000100000010000001000000100000100001000010100100100010010010100000000000
11000001000000000011001100000000101010001010000000100100100011000001000000010000000000100010000000000001000011011000000000000000010000000001001000110000010000000001010110100001001110001001001000010000
01000100010010001000000010100000000101010010100100000000000000010100010000000010000000000000010000000000000000000001000000101010010000001000010000000101000000001000000100100100000000000000000000000000
10001010101000001000010000100000000001001000000000110100011110000010011000010000100111000000000100000000000100000111000000000010000000001010000000111000000101001010000001001000000000001000000000000000
10000100000100000001010000000000001000000000000010000000101010100100100000000100011100011000001000000100000100000001000100001001101001010110000011001000000001100000001000010000001011001000011000000010
00000010000100100100000101010000001100000010001100110000011100000101000000001001101010000000011101000001000000000000000100001000000001000100001001000101000000001001110000000000000101001010010010100010
01010000000000000010100000010000000000000000001110000000100000100000000000000001000100001000010001110001100100100000101010000000010000010000100101100000100010000000010001000010000000000000100110000000
00000010000100010000000001110001001000100000001011000010100001000000010000011000111000100000000000000010001000100011100001001010000001000010010000100011000000000000001001010010100000100000000000000000
10100000001000010000000000110010010000000100001010000000001000010000010010000000000000000001000000010001001000110001000000000001010110000000010000010000000001100000000010100000000010000100000000000000
00101100000000000000100000000000000000100000000000100000000101000000000000000000010001101100000000011000010000010000000000010001001000000100000110000110000100100001001000100001000001001100000001000000
00000000100110000000100000000100011000001100000000100000000010000000101100110000010100100101000000000000010100001101010000001000010101010001000001010001010011001100000101000000000000000000010000100100
10000000001000001000011000000000000000100000000010000000000000100011000101100000001000000010000100010100101000000000011001100001000100000000000000001010010010000100100101000110100010101000000001000000
00000000000100000110000110110000100000001100111001101000110000010011100000010000111000010000100010001100100100000101011001100100000000011000110100100000000000000000000000100001000000000000001000010100
00000100010000011010100000000000000000010000110110001011000000101001000110110000100000000110000000000000000101100000000000010100001000000100000000000001010000000000010000000110000001001000000101010000
10100000010000000000001001000101000000101100000011000000000100001111000010000100000000010010100010001011100000000000000000001010100000001101010000010000110010000010000100000000000001001000000000100010
00000001100000000010000000000000010100010111000000000110100100001001000110001010100011010000000000000000100000000100110010000000000000010001101000110000000010001000000001000000000000000000000000011010
00001000000000000000010000010000010010010001101001001000110001000100000000010010000001000010001101000010010000000000110100000010000001001010000100100000010010001100101011001010000100000000000100100100
00000001000001001010000010100000000000000100000000100000000010000001100000000011110000010110000001000000111001000000001010011000000100000000000001010001000100000000100000000001000001000010011000000100
10000000000010000010011000010001000000100000111000000010000010000000001110000000000000110000010010100000000001100010001110001001000100100000000000000001000000001000110001010011100101010000011000000000
00000100000000000101000100100010010010000000010101000001000000000101100010101000011000110110100010000100010000001000100001000001000001001000000000000000100100100000000010000010100000000010011000000001
10100000011001000000100000000101001100001110000100000010000010000011010000010000010000100000100000000010000000000101000100000010000001000000001000000100001100010101011000000101000100000010000000001100
10100000000000010000100010010110010000000011000000000100011101000000000000000000000010100010010000000001101010000010000000000000100001000001000001001001001000101000001101000100000000010000000000100110
01100010000111100001000100101000000000000100100100010100101010000000011010000000000001000101100000000101100010100000000000110110000001001000001100001000001100000101000001100000001000000010000000000001
10000010000010100001000000011000010001100000000000000010000000100000000010000001000000000101001000010001000010000000000101001000001110100000000001000010000000000000100000000100000010000100000110000000
01000001110011001100101000100000000010100000011001000000000000101000000100000000000000000100000101101000010000000000001000000110010000010000001100011100100000100000010000010110000010000110001010010000
00100001010000000000010100000010001000000100000000000101010000000100001101000011100100001000110000000001000001110000000000000001000100101000010000000000000010010000100000100100000000000000010000000000
11001000100000000000100101000000000011000010000000100000010000000000010000000100001000010100000100100000000100011000010000010000000000000000000001000011101000010010100000000000100010000001000100100000
01000000000000000100000100000010001001001000000010000000000100001110110010000000100100011100000000011001000000100001100010001000001000000000000001000010000010000000010001010000101101001000000000000100
00000000000000100010000111000010000000000001000000101011000000000110100010000000010010001110010011000000010000110000111010000000010000001100010000001001000000000010010000001100000010010000001010001000
01000001000000001100010000000000000000010100000000001000000000000000000000000000000011100000000101001000010000000000000000000000000001100000000100000000010000000010100010000000001110000100001000100101
10111000000000000010101000000000000000000010010000100001000011000100000100100000000100000001001000000001000001100100000011000000010010100001000000010000101010000001000001010000110100000000000010001110
00010000011010001100000010001000000000000000000000000100010011000110010010000000000000110001100000011001000000000001000000000000001000000010001010000000010110010100000000000010000101000010000100000000